166126224.12068966
-238735057.75
-54996037.568627454
128935673.8367347
13140507.462962963
-1136070.9454545456
27701022.166666668
-235045940.42105263
144533720.2857143
129803938.12765957
-383435649.5405405
68558378.28571428
232029125.34210527
-121007595.18032786
373481379.9047619
-383590673.75609756
-94838959.31034483
94255661.64705883
8358141.615384615
107447669.6764706
-77198653.08695652
143459951.20895523
125990791.1904762
8601250.860759493
118467273.625
259995236.875
-129825606.125
32149911.79310345
-12248235.02173913
259782381.82692307
-33852564.0
108082145.22
-172182991.96296296
138316675.75609756
-188199671.69230768
468296950.09090906
63607726.56451613
351747102.972973
165912750.48214287
366924666.5833333
213776207.66666666
192890909.66
-67799826.24050634
85566587.55555555
-54329210.15
558281014.4736842
-200315680.23809522
-59309384.4
-172832350.36666667
208684261.42857143
-67681445.05
217110859.25714287
111562639.94
235732686.8139535
307377268.8125
205493202.25925925
-35989140.71666667
-341184428.05
-80890615.7763158
-27768796.98245614
-583477571.1428572
-35012522.18333333
217608695.4516129
-118701229.23333333
-207043640.65384614
87397605.29411764
282169970.375
137999712.1698113
-82810026.66666667
-108290083.32786885
46802955.70689655
-217902017.3283582
188661998.25925925
-80387045.94936709
-108354556.11764705
18563902.433962263
-73571048.72222222
-191091586.2051282
-481231381.60714287
87801232.31818181
-127785197.57142857
-94072319.30555555
70901594.5925926
431207439.6888889
-1995245.9714285715
479165914.88461536
238566721.45
70621576.08695652
-2786295.0
-369747660.85365856
-80287304.73913044
-91430430.82608695
